1.000000000000000000e+00 1.000000000000000000e+00 1.221421209007802666e+01
1.000000000000000000e+00 2.000000000000000000e+00 1.220481823429916979e+01
1.000000000000000000e+00 3.000000000000000000e+00 1.116815145087964645e+01
1.000000000000000000e+00 4.000000000000000000e+00 1.082546963354553782e+01
1.000000000000000000e+00 5.000000000000000000e+00 1.070851512870403255e+01
1.000000000000000000e+00 6.000000000000000000e+00 1.017716661607376238e+01
1.000000000000000000e+00 7.000000000000000000e+00 9.546363541574187650e+00
1.000000000000000000e+00 8.000000000000000000e+00 8.915560467074614692e+00
1.000000000000000000e+00 9.000000000000000000e+00 8.284757392575041735e+00
1.000000000000000000e+00 1.000000000000000000e+01 7.861527580203431675e+00
1.000000000000000000e+00 1.100000000000000000e+01 7.725706900009000400e+00
1.000000000000000000e+00 1.200000000000000000e+01 7.589886219814570012e+00
1.000000000000000000e+00 1.300000000000000000e+01 7.454065539620139624e+00
1.000000000000000000e+00 1.400000000000000000e+01 7.318244859425708349e+00
1.000000000000000000e+00 1.500000000000000000e+01 7.182424179231277961e+00
1.000000000000000000e+00 1.600000000000000000e+01 7.046603499036846685e+00
1.000000000000000000e+00 1.700000000000000000e+01 6.910782818842415409e+00
1.000000000000000000e+00 1.800000000000000000e+01 6.774962138647984133e+00
1.000000000000000000e+00 1.900000000000000000e+01 6.626818228249597986e+00
1.000000000000000000e+00 2.000000000000000000e+01 6.471896541239035017e+00
1.000000000000000000e+00 2.100000000000000000e+01 6.316974854228472047e+00
1.000000000000000000e+00 2.200000000000000000e+01 6.162053167217909966e+00
1.000000000000000000e+00 2.300000000000000000e+01 6.105464790806625075e+00
1.000000000000000000e+00 2.400000000000000000e+01 6.102959735224945170e+00
1.000000000000000000e+00 2.500000000000000000e+01 6.100454679643264377e+00
1.000000000000000000e+00 2.600000000000000000e+01 6.097949624061584473e+00
1.000000000000000000e+00 2.700000000000000000e+01 6.095444568479903680e+00
1.000000000000000000e+00 2.800000000000000000e+01 6.092939512898223775e+00
1.000000000000000000e+00 2.900000000000000000e+01 6.090434457316543870e+00
1.000000000000000000e+00 3.000000000000000000e+01 6.087929401734863077e+00
1.000000000000000000e+00 3.100000000000000000e+01 6.085424346153182285e+00
1.000000000000000000e+00 3.200000000000000000e+01 6.082919290571501492e+00
2.000000000000000000e+00 1.000000000000000000e+00 1.220481823429916979e+01
2.000000000000000000e+00 2.000000000000000000e+00 1.116815145087964467e+01
2.000000000000000000e+00 3.000000000000000000e+00 9.884939164826363367e+00
2.000000000000000000e+00 4.000000000000000000e+00 9.542257347492256514e+00
2.000000000000000000e+00 5.000000000000000000e+00 9.425302842650751245e+00
2.000000000000000000e+00 6.000000000000000000e+00 9.308348337809244200e+00
2.000000000000000000e+00 7.000000000000000000e+00 9.191393832967737154e+00
2.000000000000000000e+00 8.000000000000000000e+00 8.660045320337468766e+00
2.000000000000000000e+00 9.000000000000000000e+00 8.029242245837895808e+00
2.000000000000000000e+00 1.000000000000000000e+01 7.606012433466285749e+00
2.000000000000000000e+00 1.100000000000000000e+01 7.470191753271854473e+00
2.000000000000000000e+00 1.200000000000000000e+01 7.334371073077424086e+00
2.000000000000000000e+00 1.300000000000000000e+01 7.198550392882992810e+00
2.000000000000000000e+00 1.400000000000000000e+01 7.062729712688561534e+00
2.000000000000000000e+00 1.500000000000000000e+01 6.914585802290174499e+00
2.000000000000000000e+00 1.600000000000000000e+01 6.759664115279612417e+00
2.000000000000000000e+00 1.700000000000000000e+01 6.604742428269048560e+00
2.000000000000000000e+00 1.800000000000000000e+01 6.449820741258486478e+00
2.000000000000000000e+00 1.900000000000000000e+01 6.294899054247922621e+00
2.000000000000000000e+00 2.000000000000000000e+01 6.139977367237360539e+00
2.000000000000000000e+00 2.100000000000000000e+01 5.985055680226797570e+00
2.000000000000000000e+00 2.200000000000000000e+01 5.830133993216234600e+00
2.000000000000000000e+00 2.300000000000000000e+01 5.773545616804951486e+00
2.000000000000000000e+00 2.400000000000000000e+01 5.771040561223270693e+00
2.000000000000000000e+00 2.500000000000000000e+01 5.768535505641590788e+00
2.000000000000000000e+00 2.600000000000000000e+01 5.766030450059909995e+00
2.000000000000000000e+00 2.700000000000000000e+01 5.763525394478229202e+00
2.000000000000000000e+00 2.800000000000000000e+01 5.761020338896549298e+00
2.000000000000000000e+00 2.900000000000000000e+01 5.758515283314869393e+00
2.000000000000000000e+00 3.000000000000000000e+01 5.756010227733188600e+00
2.000000000000000000e+00 3.100000000000000000e+01 5.753505172151507807e+00
2.000000000000000000e+00 3.200000000000000000e+01 5.747731177493779597e+00
3.000000000000000000e+00 1.000000000000000000e+00 1.116815145087964645e+01
3.000000000000000000e+00 2.000000000000000000e+00 9.884939164826363367e+00
3.000000000000000000e+00 3.000000000000000000e+00 8.601726878773082063e+00
3.000000000000000000e+00 4.000000000000000000e+00 8.259045061438975210e+00
3.000000000000000000e+00 5.000000000000000000e+00 8.142090556597468165e+00
3.000000000000000000e+00 6.000000000000000000e+00 8.025136051755962896e+00
3.000000000000000000e+00 7.000000000000000000e+00 7.908181546914456739e+00
3.000000000000000000e+00 8.000000000000000000e+00 7.791227042072950582e+00
3.000000000000000000e+00 9.000000000000000000e+00 7.674272537231445312e+00
3.000000000000000000e+00 1.000000000000000000e+01 7.350497286729138047e+00
3.000000000000000000e+00 1.100000000000000000e+01 7.202353376330750123e+00
3.000000000000000000e+00 1.200000000000000000e+01 7.047431689320188042e+00
3.000000000000000000e+00 1.300000000000000000e+01 6.892510002309625072e+00
3.000000000000000000e+00 1.400000000000000000e+01 6.737588315299062991e+00
3.000000000000000000e+00 1.500000000000000000e+01 6.582666628288500021e+00
3.000000000000000000e+00 1.600000000000000000e+01 6.427744941277937052e+00
3.000000000000000000e+00 1.700000000000000000e+01 6.272823254267374082e+00
3.000000000000000000e+00 1.800000000000000000e+01 6.117901567256812001e+00
3.000000000000000000e+00 1.900000000000000000e+01 5.962979880246248143e+00
3.000000000000000000e+00 2.000000000000000000e+01 5.808058193235685174e+00
3.000000000000000000e+00 2.100000000000000000e+01 5.653136506225122204e+00
3.000000000000000000e+00 2.200000000000000000e+01 5.498214819214560123e+00
3.000000000000000000e+00 2.300000000000000000e+01 5.441626442803277008e+00
3.000000000000000000e+00 2.400000000000000000e+01 5.435852448145547910e+00
3.000000000000000000e+00 2.500000000000000000e+01 5.399568355444705148e+00
3.000000000000000000e+00 2.600000000000000000e+01 5.363284262743863273e+00
3.000000000000000000e+00 2.700000000000000000e+01 5.327000170043019622e+00
3.000000000000000000e+00 2.800000000000000000e+01 5.290716077342177748e+00
3.000000000000000000e+00 2.900000000000000000e+01 5.254431984641334985e+00
3.000000000000000000e+00 3.000000000000000000e+01 5.218147891940492222e+00
3.000000000000000000e+00 3.100000000000000000e+01 5.181863799239650348e+00
3.000000000000000000e+00 3.200000000000000000e+01 5.145579706538807585e+00
4.000000000000000000e+00 1.000000000000000000e+00 1.082546963354553782e+01
4.000000000000000000e+00 2.000000000000000000e+00 9.542257347492256514e+00
4.000000000000000000e+00 3.000000000000000000e+00 8.259045061438975210e+00
4.000000000000000000e+00 4.000000000000000000e+00 7.916363244104866581e+00
4.000000000000000000e+00 5.000000000000000000e+00 7.799408739263361312e+00
4.000000000000000000e+00 6.000000000000000000e+00 7.682454234421855155e+00
4.000000000000000000e+00 7.000000000000000000e+00 7.565499729580348998e+00
4.000000000000000000e+00 8.000000000000000000e+00 7.448545224738843729e+00
4.000000000000000000e+00 9.000000000000000000e+00 7.286444257004091263e+00
4.000000000000000000e+00 1.000000000000000000e+01 7.069222060116854500e+00
4.000000000000000000e+00 1.100000000000000000e+01 6.989999831324875679e+00
4.000000000000000000e+00 1.200000000000000000e+01 6.849729652356619347e+00
4.000000000000000000e+00 1.300000000000000000e+01 6.694807965346056378e+00
4.000000000000000000e+00 1.400000000000000000e+01 6.539886278335494296e+00
4.000000000000000000e+00 1.500000000000000000e+01 6.384964591324931327e+00
4.000000000000000000e+00 1.600000000000000000e+01 6.230042904314368357e+00
4.000000000000000000e+00 1.700000000000000000e+01 6.075121217303805388e+00
4.000000000000000000e+00 1.800000000000000000e+01 5.920199530293243306e+00
4.000000000000000000e+00 1.900000000000000000e+01 5.765277843282679449e+00
4.000000000000000000e+00 2.000000000000000000e+01 5.610356156272117367e+00
4.000000000000000000e+00 2.100000000000000000e+01 5.455434469261553510e+00
4.000000000000000000e+00 2.200000000000000000e+01 5.300512782250991428e+00
4.000000000000000000e+00 2.300000000000000000e+01 5.222131478666055315e+00
4.000000000000000000e+00 2.400000000000000000e+01 5.185847385965211664e+00
4.000000000000000000e+00 2.500000000000000000e+01 5.149563293264369790e+00
4.000000000000000000e+00 2.600000000000000000e+01 5.113279200563527027e+00
4.000000000000000000e+00 2.700000000000000000e+01 5.076995107862684264e+00
4.000000000000000000e+00 2.800000000000000000e+01 5.040711015161841502e+00
4.000000000000000000e+00 2.900000000000000000e+01 5.004426922460998739e+00
4.000000000000000000e+00 3.000000000000000000e+01 4.968142829760155976e+00
4.000000000000000000e+00 3.100000000000000000e+01 4.931858737059314102e+00
4.000000000000000000e+00 3.200000000000000000e+01 4.895574644358470451e+00
5.000000000000000000e+00 1.000000000000000000e+00 1.070851512870403255e+01
5.000000000000000000e+00 2.000000000000000000e+00 9.425302842650751245e+00
5.000000000000000000e+00 3.000000000000000000e+00 8.142090556597468165e+00
5.000000000000000000e+00 4.000000000000000000e+00 7.799408739263361312e+00
5.000000000000000000e+00 5.000000000000000000e+00 7.682454234421855155e+00
5.000000000000000000e+00 6.000000000000000000e+00 7.565499729580348998e+00
5.000000000000000000e+00 7.000000000000000000e+00 7.448545224738843729e+00
5.000000000000000000e+00 8.000000000000000000e+00 7.286444257004091263e+00
5.000000000000000000e+00 9.000000000000000000e+00 6.969555416492499766e+00
5.000000000000000000e+00 1.000000000000000000e+01 6.752333219605263004e+00
5.000000000000000000e+00 1.100000000000000000e+01 6.673110990813283294e+00
5.000000000000000000e+00 1.200000000000000000e+01 6.593888762021305361e+00
5.000000000000000000e+00 1.300000000000000000e+01 6.514666533229327428e+00
5.000000000000000000e+00 1.400000000000000000e+01 6.374396354261071096e+00
5.000000000000000000e+00 1.500000000000000000e+01 6.219474667250507238e+00
5.000000000000000000e+00 1.600000000000000000e+01 6.064552980239945157e+00
5.000000000000000000e+00 1.700000000000000000e+01 5.909631293229381299e+00
5.000000000000000000e+00 1.800000000000000000e+01 5.754709606218819218e+00
5.000000000000000000e+00 1.900000000000000000e+01 5.599787919208257136e+00
5.000000000000000000e+00 2.000000000000000000e+01 5.444866232197693279e+00
5.000000000000000000e+00 2.100000000000000000e+01 5.289944545187131197e+00
5.000000000000000000e+00 2.200000000000000000e+01 5.135022858176568228e+00
5.000000000000000000e+00 2.300000000000000000e+01 5.056641554591632115e+00
5.000000000000000000e+00 2.400000000000000000e+01 5.020357461890788464e+00
5.000000000000000000e+00 2.500000000000000000e+01 4.984073369189945701e+00
5.000000000000000000e+00 2.600000000000000000e+01 4.947789276489102939e+00
5.000000000000000000e+00 2.700000000000000000e+01 4.911505183788261064e+00
5.000000000000000000e+00 2.800000000000000000e+01 4.875221091087418301e+00
5.000000000000000000e+00 2.900000000000000000e+01 4.838936998386575539e+00
5.000000000000000000e+00 3.000000000000000000e+01 4.802652905685732776e+00
5.000000000000000000e+00 3.100000000000000000e+01 4.766368812984890013e+00
5.000000000000000000e+00 3.200000000000000000e+01 4.730084720284047251e+00
6.000000000000000000e+00 1.000000000000000000e+00 1.017716661607376238e+01
6.000000000000000000e+00 2.000000000000000000e+00 9.308348337809244200e+00
6.000000000000000000e+00 3.000000000000000000e+00 8.025136051755962896e+00
6.000000000000000000e+00 4.000000000000000000e+00 7.682454234421855155e+00
6.000000000000000000e+00 5.000000000000000000e+00 7.565499729580348998e+00
6.000000000000000000e+00 6.000000000000000000e+00 7.448545224738843729e+00
6.000000000000000000e+00 7.000000000000000000e+00 7.286444257004091263e+00
6.000000000000000000e+00 8.000000000000000000e+00 6.969555416492500655e+00
6.000000000000000000e+00 9.000000000000000000e+00 6.652666575980908270e+00
6.000000000000000000e+00 1.000000000000000000e+01 6.435444379093671508e+00
6.000000000000000000e+00 1.100000000000000000e+01 6.356222150301691798e+00
6.000000000000000000e+00 1.200000000000000000e+01 6.276999921509713865e+00
6.000000000000000000e+00 1.300000000000000000e+01 6.197777692717735931e+00
6.000000000000000000e+00 1.400000000000000000e+01 6.118555463925756221e+00
6.000000000000000000e+00 1.500000000000000000e+01 6.039333235133778288e+00
6.000000000000000000e+00 1.600000000000000000e+01 5.899063056165521957e+00
6.000000000000000000e+00 1.700000000000000000e+01 5.744141369154958987e+00
6.000000000000000000e+00 1.800000000000000000e+01 5.589219682144396018e+00
6.000000000000000000e+00 1.900000000000000000e+01 5.434297995133833048e+00
6.000000000000000000e+00 2.000000000000000000e+01 5.279376308123270967e+00
6.000000000000000000e+00 2.100000000000000000e+01 5.124454621112707997e+00
6.000000000000000000e+00 2.200000000000000000e+01 4.969532934102145028e+00
6.000000000000000000e+00 2.300000000000000000e+01 4.891151630517208915e+00
6.000000000000000000e+00 2.400000000000000000e+01 4.854867537816365264e+00
6.000000000000000000e+00 2.500000000000000000e+01 4.818583445115522501e+00
6.000000000000000000e+00 2.600000000000000000e+01 4.782299352414679738e+00
6.000000000000000000e+00 2.700000000000000000e+01 4.746015259713837864e+00
6.000000000000000000e+00 2.800000000000000000e+01 4.709731167012995101e+00
6.000000000000000000e+00 2.900000000000000000e+01 4.673447074312152338e+00
6.000000000000000000e+00 3.000000000000000000e+01 4.637162981611309576e+00
6.000000000000000000e+00 3.100000000000000000e+01 4.600878888910466813e+00
6.000000000000000000e+00 3.200000000000000000e+01 4.564594796209624050e+00
7.000000000000000000e+00 1.000000000000000000e+00 9.546363541574187650e+00
7.000000000000000000e+00 2.000000000000000000e+00 9.191393832967737154e+00
7.000000000000000000e+00 3.000000000000000000e+00 7.908181546914456739e+00
7.000000000000000000e+00 4.000000000000000000e+00 7.565499729580348998e+00
7.000000000000000000e+00 5.000000000000000000e+00 7.448545224738843729e+00
7.000000000000000000e+00 6.000000000000000000e+00 7.286444257004091263e+00
7.000000000000000000e+00 7.000000000000000000e+00 6.969555416492499766e+00
7.000000000000000000e+00 8.000000000000000000e+00 6.652666575980908270e+00
7.000000000000000000e+00 9.000000000000000000e+00 6.335777735469316774e+00
7.000000000000000000e+00 1.000000000000000000e+01 6.118555538582080011e+00
7.000000000000000000e+00 1.100000000000000000e+01 6.039333309790100301e+00
7.000000000000000000e+00 1.200000000000000000e+01 5.960111080998121480e+00
7.000000000000000000e+00 1.300000000000000000e+01 5.880888852206142658e+00
7.000000000000000000e+00 1.400000000000000000e+01 5.801666623414164725e+00
7.000000000000000000e+00 1.500000000000000000e+01 5.722444394622185904e+00
7.000000000000000000e+00 1.600000000000000000e+01 5.643222165830207082e+00
7.000000000000000000e+00 1.700000000000000000e+01 5.563999937038228261e+00
7.000000000000000000e+00 1.800000000000000000e+01 5.423729758069972817e+00
7.000000000000000000e+00 1.900000000000000000e+01 5.268808071059409848e+00
7.000000000000000000e+00 2.000000000000000000e+01 5.113886384048846878e+00
7.000000000000000000e+00 2.100000000000000000e+01 4.958964697038283909e+00
7.000000000000000000e+00 2.200000000000000000e+01 4.804043010027720939e+00
7.000000000000000000e+00 2.300000000000000000e+01 4.725661706442783938e+00
7.000000000000000000e+00 2.400000000000000000e+01 4.689377613741941175e+00
7.000000000000000000e+00 2.500000000000000000e+01 4.653093521041099301e+00
7.000000000000000000e+00 2.600000000000000000e+01 4.616809428340256538e+00
7.000000000000000000e+00 2.700000000000000000e+01 4.580525335639413775e+00
7.000000000000000000e+00 2.800000000000000000e+01 4.544241242938571901e+00
7.000000000000000000e+00 2.900000000000000000e+01 4.507957150237729138e+00
7.000000000000000000e+00 3.000000000000000000e+01 4.471673057536886375e+00
7.000000000000000000e+00 3.100000000000000000e+01 4.435388964836043613e+00
7.000000000000000000e+00 3.200000000000000000e+01 4.399104872135200850e+00
8.000000000000000000e+00 1.000000000000000000e+00 8.915560467074614692e+00
8.000000000000000000e+00 2.000000000000000000e+00 8.660045320337468766e+00
8.000000000000000000e+00 3.000000000000000000e+00 7.791227042072950582e+00
8.000000000000000000e+00 4.000000000000000000e+00 7.448545224738843729e+00
8.000000000000000000e+00 5.000000000000000000e+00 7.286444257004091263e+00
8.000000000000000000e+00 6.000000000000000000e+00 6.969555416492500655e+00
8.000000000000000000e+00 7.000000000000000000e+00 6.652666575980908270e+00
8.000000000000000000e+00 8.000000000000000000e+00 6.335777735469316774e+00
8.000000000000000000e+00 9.000000000000000000e+00 6.018888894957725277e+00
8.000000000000000000e+00 1.000000000000000000e+01 5.801666698070487627e+00
8.000000000000000000e+00 1.100000000000000000e+01 5.722444469278508805e+00
8.000000000000000000e+00 1.200000000000000000e+01 5.643222240486529984e+00
8.000000000000000000e+00 1.300000000000000000e+01 5.564000011694551162e+00
8.000000000000000000e+00 1.400000000000000000e+01 5.484777782902573229e+00
8.000000000000000000e+00 1.500000000000000000e+01 5.405555554110594407e+00
8.000000000000000000e+00 1.600000000000000000e+01 5.326333325318615586e+00
8.000000000000000000e+00 1.700000000000000000e+01 5.247111096526636764e+00
8.000000000000000000e+00 1.800000000000000000e+01 5.167888867734658831e+00
8.000000000000000000e+00 1.900000000000000000e+01 5.088666638942680009e+00
8.000000000000000000e+00 2.000000000000000000e+01 4.948396459974423678e+00
8.000000000000000000e+00 2.100000000000000000e+01 4.793474772963860708e+00
8.000000000000000000e+00 2.200000000000000000e+01 4.638553085953297739e+00
8.000000000000000000e+00 2.300000000000000000e+01 4.560171782368361626e+00
8.000000000000000000e+00 2.400000000000000000e+01 4.523887689667517975e+00
8.000000000000000000e+00 2.500000000000000000e+01 4.487603596966676101e+00
8.000000000000000000e+00 2.600000000000000000e+01 4.451319504265833338e+00
8.000000000000000000e+00 2.700000000000000000e+01 4.415035411564990575e+00
8.000000000000000000e+00 2.800000000000000000e+01 4.378751318864147812e+00
8.000000000000000000e+00 2.900000000000000000e+01 4.356360326311001785e+00
8.000000000000000000e+00 3.000000000000000000e+01 4.363144844068020056e+00
8.000000000000000000e+00 3.100000000000000000e+01 4.369929361825037439e+00
8.000000000000000000e+00 3.200000000000000000e+01 4.376713879582054822e+00
9.000000000000000000e+00 1.000000000000000000e+00 8.284757392575041735e+00
9.000000000000000000e+00 2.000000000000000000e+00 8.029242245837895808e+00
9.000000000000000000e+00 3.000000000000000000e+00 7.674272537231445312e+00
9.000000000000000000e+00 4.000000000000000000e+00 7.286444257004091263e+00
9.000000000000000000e+00 5.000000000000000000e+00 6.969555416492499766e+00
9.000000000000000000e+00 6.000000000000000000e+00 6.652666575980908270e+00
9.000000000000000000e+00 7.000000000000000000e+00 6.335777735469316774e+00
9.000000000000000000e+00 8.000000000000000000e+00 6.018888894957725277e+00
9.000000000000000000e+00 9.000000000000000000e+00 5.702000054446133781e+00
9.000000000000000000e+00 1.000000000000000000e+01 5.484777857558896130e+00
9.000000000000000000e+00 1.100000000000000000e+01 5.405555628766916421e+00
9.000000000000000000e+00 1.200000000000000000e+01 5.326333399974938487e+00
9.000000000000000000e+00 1.300000000000000000e+01 5.247111171182959666e+00
9.000000000000000000e+00 1.400000000000000000e+01 5.167888942390981732e+00
9.000000000000000000e+00 1.500000000000000000e+01 5.088666713599002911e+00
9.000000000000000000e+00 1.600000000000000000e+01 5.009444484807024089e+00
9.000000000000000000e+00 1.700000000000000000e+01 4.930222256015045268e+00
9.000000000000000000e+00 1.800000000000000000e+01 4.851000027223067335e+00
9.000000000000000000e+00 1.900000000000000000e+01 4.771777798431088513e+00
9.000000000000000000e+00 2.000000000000000000e+01 4.692555569639109692e+00
9.000000000000000000e+00 2.100000000000000000e+01 4.613333340847130870e+00
9.000000000000000000e+00 2.200000000000000000e+01 4.473063161878874539e+00
9.000000000000000000e+00 2.300000000000000000e+01 4.394681858293938426e+00
9.000000000000000000e+00 2.400000000000000000e+01 4.358397765593094775e+00
9.000000000000000000e+00 2.500000000000000000e+01 4.336006773039949636e+00
9.000000000000000000e+00 2.600000000000000000e+01 4.342791290796967019e+00
9.000000000000000000e+00 2.700000000000000000e+01 4.349575808553984402e+00
9.000000000000000000e+00 2.800000000000000000e+01 4.356360326311001785e+00
9.000000000000000000e+00 2.900000000000000000e+01 4.363144844068020056e+00
9.000000000000000000e+00 3.000000000000000000e+01 4.369929361825037439e+00
9.000000000000000000e+00 3.100000000000000000e+01 4.376713879582054822e+00
9.000000000000000000e+00 3.200000000000000000e+01 4.383498397339073094e+00
1.000000000000000000e+01 1.000000000000000000e+00 7.861527580203432564e+00
1.000000000000000000e+01 2.000000000000000000e+00 7.606012433466284861e+00
1.000000000000000000e+01 3.000000000000000000e+00 7.350497286729138047e+00
1.000000000000000000e+01 4.000000000000000000e+00 7.069222060116854500e+00
1.000000000000000000e+01 5.000000000000000000e+00 6.752333219605263004e+00
1.000000000000000000e+01 6.000000000000000000e+00 6.435444379093671508e+00
1.000000000000000000e+01 7.000000000000000000e+00 6.118555538582080011e+00
1.000000000000000000e+01 8.000000000000000000e+00 5.801666698070487627e+00
1.000000000000000000e+01 9.000000000000000000e+00 5.484777857558896130e+00
1.000000000000000000e+01 1.000000000000000000e+01 5.267555660671658480e+00
1.000000000000000000e+01 1.100000000000000000e+01 5.188333431879679658e+00
1.000000000000000000e+01 1.200000000000000000e+01 5.109111203087700837e+00
1.000000000000000000e+01 1.300000000000000000e+01 5.029888974295722015e+00
1.000000000000000000e+01 1.400000000000000000e+01 4.950666745503744082e+00
1.000000000000000000e+01 1.500000000000000000e+01 4.871444516711765260e+00
1.000000000000000000e+01 1.600000000000000000e+01 4.792222287919786439e+00
1.000000000000000000e+01 1.700000000000000000e+01 4.713000059127807617e+00
1.000000000000000000e+01 1.800000000000000000e+01 4.633777830335829684e+00
1.000000000000000000e+01 1.900000000000000000e+01 4.554555601543850862e+00
1.000000000000000000e+01 2.000000000000000000e+01 4.475333372751872041e+00
1.000000000000000000e+01 2.100000000000000000e+01 4.396111143959893219e+00
1.000000000000000000e+01 2.200000000000000000e+01 4.322437737525913981e+00
1.000000000000000000e+01 2.300000000000000000e+01 4.329222255282932252e+00
1.000000000000000000e+01 2.400000000000000000e+01 4.336006773039949636e+00
1.000000000000000000e+01 2.500000000000000000e+01 4.342791290796967019e+00
1.000000000000000000e+01 2.600000000000000000e+01 4.349575808553984402e+00
1.000000000000000000e+01 2.700000000000000000e+01 4.356360326311001785e+00
1.000000000000000000e+01 2.800000000000000000e+01 4.363144844068020056e+00
1.000000000000000000e+01 2.900000000000000000e+01 4.369929361825037439e+00
1.000000000000000000e+01 3.000000000000000000e+01 4.376713879582054822e+00
1.000000000000000000e+01 3.100000000000000000e+01 4.383498397339073094e+00
1.000000000000000000e+01 3.200000000000000000e+01 4.390282915096090477e+00
1.100000000000000000e+01 1.000000000000000000e+00 7.725706900009001288e+00
1.100000000000000000e+01 2.000000000000000000e+00 7.470191753271853585e+00
1.100000000000000000e+01 3.000000000000000000e+00 7.202353376330750123e+00
1.100000000000000000e+01 4.000000000000000000e+00 6.989999831324875679e+00
1.100000000000000000e+01 5.000000000000000000e+00 6.673110990813283294e+00
1.100000000000000000e+01 6.000000000000000000e+00 6.356222150301691798e+00
1.100000000000000000e+01 7.000000000000000000e+00 6.039333309790100301e+00
1.100000000000000000e+01 8.000000000000000000e+00 5.722444469278508805e+00
1.100000000000000000e+01 9.000000000000000000e+00 5.405555628766916421e+00
1.100000000000000000e+01 1.000000000000000000e+01 5.188333431879679658e+00
1.100000000000000000e+01 1.100000000000000000e+01 5.109111203087699948e+00
1.100000000000000000e+01 1.200000000000000000e+01 5.029888974295722015e+00
1.100000000000000000e+01 1.300000000000000000e+01 4.950666745503743194e+00
1.100000000000000000e+01 1.400000000000000000e+01 4.871444516711764372e+00
1.100000000000000000e+01 1.500000000000000000e+01 4.792222287919785551e+00
1.100000000000000000e+01 1.600000000000000000e+01 4.713000059127807617e+00
1.100000000000000000e+01 1.700000000000000000e+01 4.633777830335828796e+00
1.100000000000000000e+01 1.800000000000000000e+01 4.554555601543849974e+00
1.100000000000000000e+01 1.900000000000000000e+01 4.475333372751871153e+00
1.100000000000000000e+01 2.000000000000000000e+01 4.396111143959893219e+00
1.100000000000000000e+01 2.100000000000000000e+01 4.322437737525914869e+00
1.100000000000000000e+01 2.200000000000000000e+01 4.329222255282931364e+00
1.100000000000000000e+01 2.300000000000000000e+01 4.336006773039949636e+00
1.100000000000000000e+01 2.400000000000000000e+01 4.342791290796967019e+00
1.100000000000000000e+01 2.500000000000000000e+01 4.349575808553985290e+00
1.100000000000000000e+01 2.600000000000000000e+01 4.356360326311001785e+00
1.100000000000000000e+01 2.700000000000000000e+01 4.363144844068020056e+00
1.100000000000000000e+01 2.800000000000000000e+01 4.369929361825037439e+00
1.100000000000000000e+01 2.900000000000000000e+01 4.376713879582054822e+00
1.100000000000000000e+01 3.000000000000000000e+01 4.383498397339073094e+00
1.100000000000000000e+01 3.100000000000000000e+01 4.390282915096090477e+00
1.100000000000000000e+01 3.200000000000000000e+01 4.397067432853107860e+00
1.200000000000000000e+01 1.000000000000000000e+00 7.589886219814570012e+00
1.200000000000000000e+01 2.000000000000000000e+00 7.334371073077423198e+00
1.200000000000000000e+01 3.000000000000000000e+00 7.047431689320188042e+00
1.200000000000000000e+01 4.000000000000000000e+00 6.849729652356619347e+00
1.200000000000000000e+01 5.000000000000000000e+00 6.593888762021305361e+00
1.200000000000000000e+01 6.000000000000000000e+00 6.276999921509713865e+00
1.200000000000000000e+01 7.000000000000000000e+00 5.960111080998121480e+00
1.200000000000000000e+01 8.000000000000000000e+00 5.643222240486529984e+00
1.200000000000000000e+01 9.000000000000000000e+00 5.326333399974938487e+00
1.200000000000000000e+01 1.000000000000000000e+01 5.109111203087700837e+00
1.200000000000000000e+01 1.100000000000000000e+01 5.029888974295722015e+00
1.200000000000000000e+01 1.200000000000000000e+01 4.950666745503743194e+00
1.200000000000000000e+01 1.300000000000000000e+01 4.871444516711765260e+00
1.200000000000000000e+01 1.400000000000000000e+01 4.792222287919786439e+00
1.200000000000000000e+01 1.500000000000000000e+01 4.713000059127807617e+00
1.200000000000000000e+01 1.600000000000000000e+01 4.633777830335828796e+00
1.200000000000000000e+01 1.700000000000000000e+01 4.554555601543849974e+00
1.200000000000000000e+01 1.800000000000000000e+01 4.475333372751872041e+00
1.200000000000000000e+01 1.900000000000000000e+01 4.396111143959893219e+00
1.200000000000000000e+01 2.000000000000000000e+01 4.322437737525913981e+00
1.200000000000000000e+01 2.100000000000000000e+01 4.329222255282932252e+00
1.200000000000000000e+01 2.200000000000000000e+01 4.336006773039949636e+00
1.200000000000000000e+01 2.300000000000000000e+01 4.342791290796967019e+00
1.200000000000000000e+01 2.400000000000000000e+01 4.349575808553984402e+00
1.200000000000000000e+01 2.500000000000000000e+01 4.356360326311002673e+00
1.200000000000000000e+01 2.600000000000000000e+01 4.363144844068020056e+00
1.200000000000000000e+01 2.700000000000000000e+01 4.369929361825037439e+00
1.200000000000000000e+01 2.800000000000000000e+01 4.376713879582054822e+00
1.200000000000000000e+01 2.900000000000000000e+01 4.383498397339073094e+00
1.200000000000000000e+01 3.000000000000000000e+01 4.390282915096090477e+00
1.200000000000000000e+01 3.100000000000000000e+01 4.397067432853107860e+00
1.200000000000000000e+01 3.200000000000000000e+01 4.403851950610126131e+00
1.300000000000000000e+01 1.000000000000000000e+00 7.454065539620138736e+00
1.300000000000000000e+01 2.000000000000000000e+00 7.198550392882992810e+00
1.300000000000000000e+01 3.000000000000000000e+00 6.892510002309625072e+00
1.300000000000000000e+01 4.000000000000000000e+00 6.694807965346056378e+00
1.300000000000000000e+01 5.000000000000000000e+00 6.514666533229327428e+00
1.300000000000000000e+01 6.000000000000000000e+00 6.197777692717735931e+00
1.300000000000000000e+01 7.000000000000000000e+00 5.880888852206142658e+00
1.300000000000000000e+01 8.000000000000000000e+00 5.564000011694551162e+00
1.300000000000000000e+01 9.000000000000000000e+00 5.247111171182959666e+00
1.300000000000000000e+01 1.000000000000000000e+01 5.029888974295722015e+00
1.300000000000000000e+01 1.100000000000000000e+01 4.950666745503744082e+00
1.300000000000000000e+01 1.200000000000000000e+01 4.871444516711765260e+00
1.300000000000000000e+01 1.300000000000000000e+01 4.792222287919786439e+00
1.300000000000000000e+01 1.400000000000000000e+01 4.713000059127807617e+00
1.300000000000000000e+01 1.500000000000000000e+01 4.633777830335828796e+00
1.300000000000000000e+01 1.600000000000000000e+01 4.554555601543849974e+00
1.300000000000000000e+01 1.700000000000000000e+01 4.475333372751871153e+00
1.300000000000000000e+01 1.800000000000000000e+01 4.396111143959893219e+00
1.300000000000000000e+01 1.900000000000000000e+01 4.322437737525913981e+00
1.300000000000000000e+01 2.000000000000000000e+01 4.329222255282932252e+00
1.300000000000000000e+01 2.100000000000000000e+01 4.336006773039949636e+00
1.300000000000000000e+01 2.200000000000000000e+01 4.342791290796967019e+00
1.300000000000000000e+01 2.300000000000000000e+01 4.349575808553984402e+00
1.300000000000000000e+01 2.400000000000000000e+01 4.356360326311002673e+00
1.300000000000000000e+01 2.500000000000000000e+01 4.363144844068020056e+00
1.300000000000000000e+01 2.600000000000000000e+01 4.369929361825037439e+00
1.300000000000000000e+01 2.700000000000000000e+01 4.376713879582054822e+00
1.300000000000000000e+01 2.800000000000000000e+01 4.383498397339073094e+00
1.300000000000000000e+01 2.900000000000000000e+01 4.390282915096090477e+00
1.300000000000000000e+01 3.000000000000000000e+01 4.397067432853107860e+00
1.300000000000000000e+01 3.100000000000000000e+01 4.403851950610126131e+00
1.300000000000000000e+01 3.200000000000000000e+01 4.410636468367143515e+00
1.400000000000000000e+01 1.000000000000000000e+00 7.318244859425707460e+00
1.400000000000000000e+01 2.000000000000000000e+00 7.062729712688561534e+00
1.400000000000000000e+01 3.000000000000000000e+00 6.737588315299062991e+00
1.400000000000000000e+01 4.000000000000000000e+00 6.539886278335494296e+00
1.400000000000000000e+01 5.000000000000000000e+00 6.374396354261071096e+00
1.400000000000000000e+01 6.000000000000000000e+00 6.118555463925756221e+00
1.400000000000000000e+01 7.000000000000000000e+00 5.801666623414164725e+00
1.400000000000000000e+01 8.000000000000000000e+00 5.484777782902573229e+00
1.400000000000000000e+01 9.000000000000000000e+00 5.167888942390981732e+00
1.400000000000000000e+01 1.000000000000000000e+01 4.950666745503743194e+00
1.400000000000000000e+01 1.100000000000000000e+01 4.871444516711764372e+00
1.400000000000000000e+01 1.200000000000000000e+01 4.792222287919786439e+00
1.400000000000000000e+01 1.300000000000000000e+01 4.713000059127807617e+00
1.400000000000000000e+01 1.400000000000000000e+01 4.633777830335828796e+00
1.400000000000000000e+01 1.500000000000000000e+01 4.554555601543849974e+00
1.400000000000000000e+01 1.600000000000000000e+01 4.475333372751871153e+00
1.400000000000000000e+01 1.700000000000000000e+01 4.396111143959893219e+00
1.400000000000000000e+01 1.800000000000000000e+01 4.322437737525914869e+00
1.400000000000000000e+01 1.900000000000000000e+01 4.329222255282931364e+00
1.400000000000000000e+01 2.000000000000000000e+01 4.336006773039949636e+00
1.400000000000000000e+01 2.100000000000000000e+01 4.342791290796967019e+00
1.400000000000000000e+01 2.200000000000000000e+01 4.349575808553984402e+00
1.400000000000000000e+01 2.300000000000000000e+01 4.356360326311002673e+00
1.400000000000000000e+01 2.400000000000000000e+01 4.363144844068020056e+00
1.400000000000000000e+01 2.500000000000000000e+01 4.369929361825037439e+00
1.400000000000000000e+01 2.600000000000000000e+01 4.376713879582054822e+00
1.400000000000000000e+01 2.700000000000000000e+01 4.383498397339073094e+00
1.400000000000000000e+01 2.800000000000000000e+01 4.390282915096090477e+00
1.400000000000000000e+01 2.900000000000000000e+01 4.397067432853107860e+00
1.400000000000000000e+01 3.000000000000000000e+01 4.403851950610125243e+00
1.400000000000000000e+01 3.100000000000000000e+01 4.410636468367143515e+00
1.400000000000000000e+01 3.200000000000000000e+01 4.417420986124160898e+00
1.500000000000000000e+01 1.000000000000000000e+00 7.182424179231277961e+00
1.500000000000000000e+01 2.000000000000000000e+00 6.914585802290174499e+00
1.500000000000000000e+01 3.000000000000000000e+00 6.582666628288500021e+00
1.500000000000000000e+01 4.000000000000000000e+00 6.384964591324931327e+00
1.500000000000000000e+01 5.000000000000000000e+00 6.219474667250507238e+00
1.500000000000000000e+01 6.000000000000000000e+00 6.039333235133778288e+00
1.500000000000000000e+01 7.000000000000000000e+00 5.722444394622185904e+00
1.500000000000000000e+01 8.000000000000000000e+00 5.405555554110594407e+00
1.500000000000000000e+01 9.000000000000000000e+00 5.088666713599002911e+00
1.500000000000000000e+01 1.000000000000000000e+01 4.871444516711764372e+00
1.500000000000000000e+01 1.100000000000000000e+01 4.792222287919786439e+00
1.500000000000000000e+01 1.200000000000000000e+01 4.713000059127807617e+00
1.500000000000000000e+01 1.300000000000000000e+01 4.633777830335828796e+00
1.500000000000000000e+01 1.400000000000000000e+01 4.554555601543849974e+00
1.500000000000000000e+01 1.500000000000000000e+01 4.475333372751871153e+00
1.500000000000000000e+01 1.600000000000000000e+01 4.396111143959893219e+00
1.500000000000000000e+01 1.700000000000000000e+01 4.322437737525913981e+00
1.500000000000000000e+01 1.800000000000000000e+01 4.329222255282932252e+00
1.500000000000000000e+01 1.900000000000000000e+01 4.336006773039949636e+00
1.500000000000000000e+01 2.000000000000000000e+01 4.342791290796967019e+00
1.500000000000000000e+01 2.100000000000000000e+01 4.349575808553984402e+00
1.500000000000000000e+01 2.200000000000000000e+01 4.356360326311001785e+00
1.500000000000000000e+01 2.300000000000000000e+01 4.363144844068020056e+00
1.500000000000000000e+01 2.400000000000000000e+01 4.369929361825038328e+00
1.500000000000000000e+01 2.500000000000000000e+01 4.376713879582054822e+00
1.500000000000000000e+01 2.600000000000000000e+01 4.383498397339073094e+00
1.500000000000000000e+01 2.700000000000000000e+01 4.390282915096090477e+00
1.500000000000000000e+01 2.800000000000000000e+01 4.397067432853107860e+00
1.500000000000000000e+01 2.900000000000000000e+01 4.403851950610125243e+00
1.500000000000000000e+01 3.000000000000000000e+01 4.410636468367143515e+00
1.500000000000000000e+01 3.100000000000000000e+01 4.417420986124160898e+00
1.500000000000000000e+01 3.200000000000000000e+01 4.424205503881178281e+00
1.600000000000000000e+01 1.000000000000000000e+00 7.046603499036846685e+00
1.600000000000000000e+01 2.000000000000000000e+00 6.759664115279612417e+00
1.600000000000000000e+01 3.000000000000000000e+00 6.427744941277937052e+00
1.600000000000000000e+01 4.000000000000000000e+00 6.230042904314368357e+00
1.600000000000000000e+01 5.000000000000000000e+00 6.064552980239945157e+00
1.600000000000000000e+01 6.000000000000000000e+00 5.899063056165521957e+00
1.600000000000000000e+01 7.000000000000000000e+00 5.643222165830207082e+00
1.600000000000000000e+01 8.000000000000000000e+00 5.326333325318615586e+00
1.600000000000000000e+01 9.000000000000000000e+00 5.009444484807024089e+00
1.600000000000000000e+01 1.000000000000000000e+01 4.792222287919786439e+00
1.600000000000000000e+01 1.100000000000000000e+01 4.713000059127807617e+00
1.600000000000000000e+01 1.200000000000000000e+01 4.633777830335828796e+00
1.600000000000000000e+01 1.300000000000000000e+01 4.554555601543849974e+00
1.600000000000000000e+01 1.400000000000000000e+01 4.475333372751871153e+00
1.600000000000000000e+01 1.500000000000000000e+01 4.396111143959892331e+00
1.600000000000000000e+01 1.600000000000000000e+01 4.322437737525913981e+00
1.600000000000000000e+01 1.700000000000000000e+01 4.329222255282932252e+00
1.600000000000000000e+01 1.800000000000000000e+01 4.336006773039949636e+00
1.600000000000000000e+01 1.900000000000000000e+01 4.342791290796967019e+00
1.600000000000000000e+01 2.000000000000000000e+01 4.349575808553984402e+00
1.600000000000000000e+01 2.100000000000000000e+01 4.356360326311001785e+00
1.600000000000000000e+01 2.200000000000000000e+01 4.363144844068020056e+00
1.600000000000000000e+01 2.300000000000000000e+01 4.369929361825037439e+00
1.600000000000000000e+01 2.400000000000000000e+01 4.376713879582054822e+00
1.600000000000000000e+01 2.500000000000000000e+01 4.383498397339072206e+00
1.600000000000000000e+01 2.600000000000000000e+01 4.390282915096090477e+00
1.600000000000000000e+01 2.700000000000000000e+01 4.397067432853107860e+00
1.600000000000000000e+01 2.800000000000000000e+01 4.403851950610125243e+00
1.600000000000000000e+01 2.900000000000000000e+01 4.410636468367142626e+00
1.600000000000000000e+01 3.000000000000000000e+01 4.417420986124160898e+00
1.600000000000000000e+01 3.100000000000000000e+01 4.424205503881178281e+00
1.600000000000000000e+01 3.200000000000000000e+01 4.430990021638196552e+00
1.700000000000000000e+01 1.000000000000000000e+00 6.910782818842416297e+00
1.700000000000000000e+01 2.000000000000000000e+00 6.604742428269048560e+00
1.700000000000000000e+01 3.000000000000000000e+00 6.272823254267374082e+00
1.700000000000000000e+01 4.000000000000000000e+00 6.075121217303805388e+00
1.700000000000000000e+01 5.000000000000000000e+00 5.909631293229381299e+00
1.700000000000000000e+01 6.000000000000000000e+00 5.744141369154958987e+00
1.700000000000000000e+01 7.000000000000000000e+00 5.563999937038228261e+00
1.700000000000000000e+01 8.000000000000000000e+00 5.247111096526636764e+00
1.700000000000000000e+01 9.000000000000000000e+00 4.930222256015045268e+00
1.700000000000000000e+01 1.000000000000000000e+01 4.713000059127807617e+00
1.700000000000000000e+01 1.100000000000000000e+01 4.633777830335828796e+00
1.700000000000000000e+01 1.200000000000000000e+01 4.554555601543849974e+00
1.700000000000000000e+01 1.300000000000000000e+01 4.475333372751871153e+00
1.700000000000000000e+01 1.400000000000000000e+01 4.396111143959892331e+00
1.700000000000000000e+01 1.500000000000000000e+01 4.322437737525913981e+00
1.700000000000000000e+01 1.600000000000000000e+01 4.329222255282931364e+00
1.700000000000000000e+01 1.700000000000000000e+01 4.336006773039949636e+00
1.700000000000000000e+01 1.800000000000000000e+01 4.342791290796967019e+00
1.700000000000000000e+01 1.900000000000000000e+01 4.349575808553984402e+00
1.700000000000000000e+01 2.000000000000000000e+01 4.356360326311001785e+00
1.700000000000000000e+01 2.100000000000000000e+01 4.363144844068020056e+00
1.700000000000000000e+01 2.200000000000000000e+01 4.369929361825037439e+00
1.700000000000000000e+01 2.300000000000000000e+01 4.376713879582054822e+00
1.700000000000000000e+01 2.400000000000000000e+01 4.383498397339072206e+00
1.700000000000000000e+01 2.500000000000000000e+01 4.390282915096090477e+00
1.700000000000000000e+01 2.600000000000000000e+01 4.397067432853107860e+00
1.700000000000000000e+01 2.700000000000000000e+01 4.403851950610125243e+00
1.700000000000000000e+01 2.800000000000000000e+01 4.410636468367142626e+00
1.700000000000000000e+01 2.900000000000000000e+01 4.417420986124160898e+00
1.700000000000000000e+01 3.000000000000000000e+01 4.424205503881178281e+00
1.700000000000000000e+01 3.100000000000000000e+01 4.430990021638196552e+00
1.700000000000000000e+01 3.200000000000000000e+01 4.437774539395213935e+00
1.800000000000000000e+01 1.000000000000000000e+00 6.774962138647985022e+00
1.800000000000000000e+01 2.000000000000000000e+00 6.449820741258486478e+00
1.800000000000000000e+01 3.000000000000000000e+00 6.117901567256812001e+00
1.800000000000000000e+01 4.000000000000000000e+00 5.920199530293243306e+00
1.800000000000000000e+01 5.000000000000000000e+00 5.754709606218819218e+00
1.800000000000000000e+01 6.000000000000000000e+00 5.589219682144396018e+00
1.800000000000000000e+01 7.000000000000000000e+00 5.423729758069972817e+00
1.800000000000000000e+01 8.000000000000000000e+00 5.167888867734658831e+00
1.800000000000000000e+01 9.000000000000000000e+00 4.851000027223067335e+00
1.800000000000000000e+01 1.000000000000000000e+01 4.633777830335828796e+00
1.800000000000000000e+01 1.100000000000000000e+01 4.554555601543849974e+00
1.800000000000000000e+01 1.200000000000000000e+01 4.475333372751871153e+00
1.800000000000000000e+01 1.300000000000000000e+01 4.396111143959893219e+00
1.800000000000000000e+01 1.400000000000000000e+01 4.322437737525913981e+00
1.800000000000000000e+01 1.500000000000000000e+01 4.329222255282932252e+00
1.800000000000000000e+01 1.600000000000000000e+01 4.336006773039949636e+00
1.800000000000000000e+01 1.700000000000000000e+01 4.342791290796967019e+00
1.800000000000000000e+01 1.800000000000000000e+01 4.349575808553984402e+00
1.800000000000000000e+01 1.900000000000000000e+01 4.356360326311001785e+00
1.800000000000000000e+01 2.000000000000000000e+01 4.363144844068020056e+00
1.800000000000000000e+01 2.100000000000000000e+01 4.369929361825037439e+00
1.800000000000000000e+01 2.200000000000000000e+01 4.376713879582054822e+00
1.800000000000000000e+01 2.300000000000000000e+01 4.383498397339072206e+00
1.800000000000000000e+01 2.400000000000000000e+01 4.390282915096090477e+00
1.800000000000000000e+01 2.500000000000000000e+01 4.397067432853107860e+00
1.800000000000000000e+01 2.600000000000000000e+01 4.403851950610125243e+00
1.800000000000000000e+01 2.700000000000000000e+01 4.410636468367142626e+00
1.800000000000000000e+01 2.800000000000000000e+01 4.417420986124160009e+00
1.800000000000000000e+01 2.900000000000000000e+01 4.424205503881178281e+00
1.800000000000000000e+01 3.000000000000000000e+01 4.430990021638196552e+00
1.800000000000000000e+01 3.100000000000000000e+01 4.437774539395213935e+00
1.800000000000000000e+01 3.200000000000000000e+01 4.444559057152231318e+00
1.900000000000000000e+01 1.000000000000000000e+00 6.626818228249597986e+00
1.900000000000000000e+01 2.000000000000000000e+00 6.294899054247922621e+00
1.900000000000000000e+01 3.000000000000000000e+00 5.962979880246248143e+00
1.900000000000000000e+01 4.000000000000000000e+00 5.765277843282679449e+00
1.900000000000000000e+01 5.000000000000000000e+00 5.599787919208257136e+00
1.900000000000000000e+01 6.000000000000000000e+00 5.434297995133833048e+00
1.900000000000000000e+01 7.000000000000000000e+00 5.268808071059409848e+00
1.900000000000000000e+01 8.000000000000000000e+00 5.088666638942680009e+00
1.900000000000000000e+01 9.000000000000000000e+00 4.771777798431088513e+00
1.900000000000000000e+01 1.000000000000000000e+01 4.554555601543849974e+00
1.900000000000000000e+01 1.100000000000000000e+01 4.475333372751871153e+00
1.900000000000000000e+01 1.200000000000000000e+01 4.396111143959893219e+00
1.900000000000000000e+01 1.300000000000000000e+01 4.322437737525913981e+00
1.900000000000000000e+01 1.400000000000000000e+01 4.329222255282932252e+00
1.900000000000000000e+01 1.500000000000000000e+01 4.336006773039949636e+00
1.900000000000000000e+01 1.600000000000000000e+01 4.342791290796967019e+00
1.900000000000000000e+01 1.700000000000000000e+01 4.349575808553984402e+00
1.900000000000000000e+01 1.800000000000000000e+01 4.356360326311001785e+00
1.900000000000000000e+01 1.900000000000000000e+01 4.363144844068020056e+00
1.900000000000000000e+01 2.000000000000000000e+01 4.369929361825037439e+00
1.900000000000000000e+01 2.100000000000000000e+01 4.376713879582055711e+00
1.900000000000000000e+01 2.200000000000000000e+01 4.383498397339073094e+00
1.900000000000000000e+01 2.300000000000000000e+01 4.390282915096090477e+00
1.900000000000000000e+01 2.400000000000000000e+01 4.397067432853107860e+00
1.900000000000000000e+01 2.500000000000000000e+01 4.403851950610125243e+00
1.900000000000000000e+01 2.600000000000000000e+01 4.410636468367142626e+00
1.900000000000000000e+01 2.700000000000000000e+01 4.417420986124160009e+00
1.900000000000000000e+01 2.800000000000000000e+01 4.424205503881178281e+00
1.900000000000000000e+01 2.900000000000000000e+01 4.430990021638195664e+00
1.900000000000000000e+01 3.000000000000000000e+01 4.437774539395213935e+00
1.900000000000000000e+01 3.100000000000000000e+01 4.444559057152231318e+00
1.900000000000000000e+01 3.200000000000000000e+01 4.451343574909248701e+00
2.000000000000000000e+01 1.000000000000000000e+00 6.471896541239035017e+00
2.000000000000000000e+01 2.000000000000000000e+00 6.139977367237360539e+00
2.000000000000000000e+01 3.000000000000000000e+00 5.808058193235685174e+00
2.000000000000000000e+01 4.000000000000000000e+00 5.610356156272117367e+00
2.000000000000000000e+01 5.000000000000000000e+00 5.444866232197693279e+00
2.000000000000000000e+01 6.000000000000000000e+00 5.279376308123270967e+00
2.000000000000000000e+01 7.000000000000000000e+00 5.113886384048846878e+00
2.000000000000000000e+01 8.000000000000000000e+00 4.948396459974423678e+00
2.000000000000000000e+01 9.000000000000000000e+00 4.692555569639109692e+00
2.000000000000000000e+01 1.000000000000000000e+01 4.475333372751871153e+00
2.000000000000000000e+01 1.100000000000000000e+01 4.396111143959892331e+00
2.000000000000000000e+01 1.200000000000000000e+01 4.322437737525913981e+00
2.000000000000000000e+01 1.300000000000000000e+01 4.329222255282931364e+00
2.000000000000000000e+01 1.400000000000000000e+01 4.336006773039949636e+00
2.000000000000000000e+01 1.500000000000000000e+01 4.342791290796967019e+00
2.000000000000000000e+01 1.600000000000000000e+01 4.349575808553984402e+00
2.000000000000000000e+01 1.700000000000000000e+01 4.356360326311001785e+00
2.000000000000000000e+01 1.800000000000000000e+01 4.363144844068020056e+00
2.000000000000000000e+01 1.900000000000000000e+01 4.369929361825037439e+00
2.000000000000000000e+01 2.000000000000000000e+01 4.376713879582054822e+00
2.000000000000000000e+01 2.100000000000000000e+01 4.383498397339073094e+00
2.000000000000000000e+01 2.200000000000000000e+01 4.390282915096090477e+00
2.000000000000000000e+01 2.300000000000000000e+01 4.397067432853107860e+00
2.000000000000000000e+01 2.400000000000000000e+01 4.403851950610125243e+00
2.000000000000000000e+01 2.500000000000000000e+01 4.410636468367143515e+00
2.000000000000000000e+01 2.600000000000000000e+01 4.417420986124160009e+00
2.000000000000000000e+01 2.700000000000000000e+01 4.424205503881178281e+00
2.000000000000000000e+01 2.800000000000000000e+01 4.430990021638196552e+00
2.000000000000000000e+01 2.900000000000000000e+01 4.437774539395213935e+00
2.000000000000000000e+01 3.000000000000000000e+01 4.444559057152231318e+00
2.000000000000000000e+01 3.100000000000000000e+01 4.451343574909248701e+00
2.000000000000000000e+01 3.200000000000000000e+01 4.454243911396373434e+00
2.100000000000000000e+01 1.000000000000000000e+00 6.316974854228472047e+00
2.100000000000000000e+01 2.000000000000000000e+00 5.985055680226797570e+00
2.100000000000000000e+01 3.000000000000000000e+00 5.653136506225122204e+00
2.100000000000000000e+01 4.000000000000000000e+00 5.455434469261553510e+00
2.100000000000000000e+01 5.000000000000000000e+00 5.289944545187131197e+00
2.100000000000000000e+01 6.000000000000000000e+00 5.124454621112707997e+00
2.100000000000000000e+01 7.000000000000000000e+00 4.958964697038283909e+00
2.100000000000000000e+01 8.000000000000000000e+00 4.793474772963860708e+00
2.100000000000000000e+01 9.000000000000000000e+00 4.613333340847130870e+00
2.100000000000000000e+01 1.000000000000000000e+01 4.396111143959893219e+00
2.100000000000000000e+01 1.100000000000000000e+01 4.322437737525913981e+00
2.100000000000000000e+01 1.200000000000000000e+01 4.329222255282932252e+00
2.100000000000000000e+01 1.300000000000000000e+01 4.336006773039949636e+00
2.100000000000000000e+01 1.400000000000000000e+01 4.342791290796967019e+00
2.100000000000000000e+01 1.500000000000000000e+01 4.349575808553984402e+00
2.100000000000000000e+01 1.600000000000000000e+01 4.356360326311002673e+00
2.100000000000000000e+01 1.700000000000000000e+01 4.363144844068020056e+00
2.100000000000000000e+01 1.800000000000000000e+01 4.369929361825037439e+00
2.100000000000000000e+01 1.900000000000000000e+01 4.376713879582054822e+00
2.100000000000000000e+01 2.000000000000000000e+01 4.383498397339072206e+00
2.100000000000000000e+01 2.100000000000000000e+01 4.390282915096090477e+00
2.100000000000000000e+01 2.200000000000000000e+01 4.397067432853107860e+00
2.100000000000000000e+01 2.300000000000000000e+01 4.403851950610125243e+00
2.100000000000000000e+01 2.400000000000000000e+01 4.410636468367142626e+00
2.100000000000000000e+01 2.500000000000000000e+01 4.417420986124160898e+00
2.100000000000000000e+01 2.600000000000000000e+01 4.424205503881178281e+00
2.100000000000000000e+01 2.700000000000000000e+01 4.430990021638196552e+00
2.100000000000000000e+01 2.800000000000000000e+01 4.437774539395213935e+00
2.100000000000000000e+01 2.900000000000000000e+01 4.444559057152231318e+00
2.100000000000000000e+01 3.000000000000000000e+01 4.451343574909248701e+00
2.100000000000000000e+01 3.100000000000000000e+01 4.454243911396373434e+00
2.100000000000000000e+01 3.200000000000000000e+01 4.456728085604581224e+00
2.200000000000000000e+01 1.000000000000000000e+00 6.162053167217909966e+00
2.200000000000000000e+01 2.000000000000000000e+00 5.830133993216234600e+00
2.200000000000000000e+01 3.000000000000000000e+00 5.498214819214560123e+00
2.200000000000000000e+01 4.000000000000000000e+00 5.300512782250991428e+00
2.200000000000000000e+01 5.000000000000000000e+00 5.135022858176568228e+00
2.200000000000000000e+01 6.000000000000000000e+00 4.969532934102145028e+00
2.200000000000000000e+01 7.000000000000000000e+00 4.804043010027720939e+00
2.200000000000000000e+01 8.000000000000000000e+00 4.638553085953297739e+00
2.200000000000000000e+01 9.000000000000000000e+00 4.473063161878874539e+00
2.200000000000000000e+01 1.000000000000000000e+01 4.322437737525913981e+00
2.200000000000000000e+01 1.100000000000000000e+01 4.329222255282932252e+00
2.200000000000000000e+01 1.200000000000000000e+01 4.336006773039949636e+00
2.200000000000000000e+01 1.300000000000000000e+01 4.342791290796967019e+00
2.200000000000000000e+01 1.400000000000000000e+01 4.349575808553984402e+00
2.200000000000000000e+01 1.500000000000000000e+01 4.356360326311001785e+00
2.200000000000000000e+01 1.600000000000000000e+01 4.363144844068020056e+00
2.200000000000000000e+01 1.700000000000000000e+01 4.369929361825037439e+00
2.200000000000000000e+01 1.800000000000000000e+01 4.376713879582054822e+00
2.200000000000000000e+01 1.900000000000000000e+01 4.383498397339072206e+00
2.200000000000000000e+01 2.000000000000000000e+01 4.390282915096090477e+00
2.200000000000000000e+01 2.100000000000000000e+01 4.397067432853107860e+00
2.200000000000000000e+01 2.200000000000000000e+01 4.403851950610125243e+00
2.200000000000000000e+01 2.300000000000000000e+01 4.410636468367143515e+00
2.200000000000000000e+01 2.400000000000000000e+01 4.417420986124160898e+00
2.200000000000000000e+01 2.500000000000000000e+01 4.424205503881178281e+00
2.200000000000000000e+01 2.600000000000000000e+01 4.430990021638195664e+00
2.200000000000000000e+01 2.700000000000000000e+01 4.437774539395213935e+00
2.200000000000000000e+01 2.800000000000000000e+01 4.444559057152231318e+00
2.200000000000000000e+01 2.900000000000000000e+01 4.451343574909248701e+00
2.200000000000000000e+01 3.000000000000000000e+01 4.454243911396373434e+00
2.200000000000000000e+01 3.100000000000000000e+01 4.456728085604580336e+00
2.200000000000000000e+01 3.200000000000000000e+01 4.459212259812788126e+00
2.300000000000000000e+01 1.000000000000000000e+00 6.105464790806625075e+00
2.300000000000000000e+01 2.000000000000000000e+00 5.773545616804951486e+00
2.300000000000000000e+01 3.000000000000000000e+00 5.441626442803277008e+00
2.300000000000000000e+01 4.000000000000000000e+00 5.222131478666055315e+00
2.300000000000000000e+01 5.000000000000000000e+00 5.056641554591632115e+00
2.300000000000000000e+01 6.000000000000000000e+00 4.891151630517208915e+00
2.300000000000000000e+01 7.000000000000000000e+00 4.725661706442783938e+00
2.300000000000000000e+01 8.000000000000000000e+00 4.560171782368361626e+00
2.300000000000000000e+01 9.000000000000000000e+00 4.394681858293938426e+00
2.300000000000000000e+01 1.000000000000000000e+01 4.329222255282931364e+00
2.300000000000000000e+01 1.100000000000000000e+01 4.336006773039949636e+00
2.300000000000000000e+01 1.200000000000000000e+01 4.342791290796967019e+00
2.300000000000000000e+01 1.300000000000000000e+01 4.349575808553984402e+00
2.300000000000000000e+01 1.400000000000000000e+01 4.356360326311001785e+00
2.300000000000000000e+01 1.500000000000000000e+01 4.363144844068019168e+00
2.300000000000000000e+01 1.600000000000000000e+01 4.369929361825037439e+00
2.300000000000000000e+01 1.700000000000000000e+01 4.376713879582054822e+00
2.300000000000000000e+01 1.800000000000000000e+01 4.383498397339072206e+00
2.300000000000000000e+01 1.900000000000000000e+01 4.390282915096090477e+00
2.300000000000000000e+01 2.000000000000000000e+01 4.397067432853107860e+00
2.300000000000000000e+01 2.100000000000000000e+01 4.403851950610125243e+00
2.300000000000000000e+01 2.200000000000000000e+01 4.410636468367142626e+00
2.300000000000000000e+01 2.300000000000000000e+01 4.417420986124160898e+00
2.300000000000000000e+01 2.400000000000000000e+01 4.424205503881178281e+00
2.300000000000000000e+01 2.500000000000000000e+01 4.430990021638195664e+00
2.300000000000000000e+01 2.600000000000000000e+01 4.437774539395213935e+00
2.300000000000000000e+01 2.700000000000000000e+01 4.444559057152231318e+00
2.300000000000000000e+01 2.800000000000000000e+01 4.451343574909248701e+00
2.300000000000000000e+01 2.900000000000000000e+01 4.454243911396373434e+00
2.300000000000000000e+01 3.000000000000000000e+01 4.456728085604581224e+00
2.300000000000000000e+01 3.100000000000000000e+01 4.459212259812789014e+00
2.300000000000000000e+01 3.200000000000000000e+01 4.461696434020995916e+00
2.400000000000000000e+01 1.000000000000000000e+00 6.102959735224945170e+00
2.400000000000000000e+01 2.000000000000000000e+00 5.771040561223270693e+00
2.400000000000000000e+01 3.000000000000000000e+00 5.435852448145547910e+00
2.400000000000000000e+01 4.000000000000000000e+00 5.185847385965211664e+00
2.400000000000000000e+01 5.000000000000000000e+00 5.020357461890788464e+00
2.400000000000000000e+01 6.000000000000000000e+00 4.854867537816365264e+00
2.400000000000000000e+01 7.000000000000000000e+00 4.689377613741941175e+00
2.400000000000000000e+01 8.000000000000000000e+00 4.523887689667517975e+00
2.400000000000000000e+01 9.000000000000000000e+00 4.358397765593094775e+00
2.400000000000000000e+01 1.000000000000000000e+01 4.336006773039949636e+00
2.400000000000000000e+01 1.100000000000000000e+01 4.342791290796967019e+00
2.400000000000000000e+01 1.200000000000000000e+01 4.349575808553984402e+00
2.400000000000000000e+01 1.300000000000000000e+01 4.356360326311001785e+00
2.400000000000000000e+01 1.400000000000000000e+01 4.363144844068019168e+00
2.400000000000000000e+01 1.500000000000000000e+01 4.369929361825037439e+00
2.400000000000000000e+01 1.600000000000000000e+01 4.376713879582054822e+00
2.400000000000000000e+01 1.700000000000000000e+01 4.383498397339072206e+00
2.400000000000000000e+01 1.800000000000000000e+01 4.390282915096090477e+00
2.400000000000000000e+01 1.900000000000000000e+01 4.397067432853107860e+00
2.400000000000000000e+01 2.000000000000000000e+01 4.403851950610125243e+00
2.400000000000000000e+01 2.100000000000000000e+01 4.410636468367143515e+00
2.400000000000000000e+01 2.200000000000000000e+01 4.417420986124160009e+00
2.400000000000000000e+01 2.300000000000000000e+01 4.424205503881178281e+00
2.400000000000000000e+01 2.400000000000000000e+01 4.430990021638195664e+00
2.400000000000000000e+01 2.500000000000000000e+01 4.437774539395213935e+00
2.400000000000000000e+01 2.600000000000000000e+01 4.444559057152231318e+00
2.400000000000000000e+01 2.700000000000000000e+01 4.451343574909248701e+00
2.400000000000000000e+01 2.800000000000000000e+01 4.454243911396373434e+00
2.400000000000000000e+01 2.900000000000000000e+01 4.456728085604580336e+00
2.400000000000000000e+01 3.000000000000000000e+01 4.459212259812788126e+00
2.400000000000000000e+01 3.100000000000000000e+01 4.461696434020996804e+00
2.400000000000000000e+01 3.200000000000000000e+01 4.464180608229203706e+00
2.500000000000000000e+01 1.000000000000000000e+00 6.100454679643264377e+00
2.500000000000000000e+01 2.000000000000000000e+00 5.768535505641590788e+00
2.500000000000000000e+01 3.000000000000000000e+00 5.399568355444705148e+00
2.500000000000000000e+01 4.000000000000000000e+00 5.149563293264369790e+00
2.500000000000000000e+01 5.000000000000000000e+00 4.984073369189945701e+00
2.500000000000000000e+01 6.000000000000000000e+00 4.818583445115522501e+00
2.500000000000000000e+01 7.000000000000000000e+00 4.653093521041099301e+00
2.500000000000000000e+01 8.000000000000000000e+00 4.487603596966676101e+00
2.500000000000000000e+01 9.000000000000000000e+00 4.336006773039949636e+00
2.500000000000000000e+01 1.000000000000000000e+01 4.342791290796967019e+00
2.500000000000000000e+01 1.100000000000000000e+01 4.349575808553984402e+00
2.500000000000000000e+01 1.200000000000000000e+01 4.356360326311001785e+00
2.500000000000000000e+01 1.300000000000000000e+01 4.363144844068020056e+00
2.500000000000000000e+01 1.400000000000000000e+01 4.369929361825037439e+00
2.500000000000000000e+01 1.500000000000000000e+01 4.376713879582054822e+00
2.500000000000000000e+01 1.600000000000000000e+01 4.383498397339073094e+00
2.500000000000000000e+01 1.700000000000000000e+01 4.390282915096090477e+00
2.500000000000000000e+01 1.800000000000000000e+01 4.397067432853107860e+00
2.500000000000000000e+01 1.900000000000000000e+01 4.403851950610125243e+00
2.500000000000000000e+01 2.000000000000000000e+01 4.410636468367143515e+00
2.500000000000000000e+01 2.100000000000000000e+01 4.417420986124160009e+00
2.500000000000000000e+01 2.200000000000000000e+01 4.424205503881178281e+00
2.500000000000000000e+01 2.300000000000000000e+01 4.430990021638195664e+00
2.500000000000000000e+01 2.400000000000000000e+01 4.437774539395213935e+00
2.500000000000000000e+01 2.500000000000000000e+01 4.444559057152231318e+00
2.500000000000000000e+01 2.600000000000000000e+01 4.451343574909248701e+00
2.500000000000000000e+01 2.700000000000000000e+01 4.454243911396373434e+00
2.500000000000000000e+01 2.800000000000000000e+01 4.456728085604581224e+00
2.500000000000000000e+01 2.900000000000000000e+01 4.459212259812788126e+00
2.500000000000000000e+01 3.000000000000000000e+01 4.461696434020995916e+00
2.500000000000000000e+01 3.100000000000000000e+01 4.464180608229203706e+00
2.500000000000000000e+01 3.200000000000000000e+01 4.466664782437411496e+00
2.600000000000000000e+01 1.000000000000000000e+00 6.097949624061584473e+00
2.600000000000000000e+01 2.000000000000000000e+00 5.766030450059909995e+00
2.600000000000000000e+01 3.000000000000000000e+00 5.363284262743863273e+00
2.600000000000000000e+01 4.000000000000000000e+00 5.113279200563527027e+00
2.600000000000000000e+01 5.000000000000000000e+00 4.947789276489102939e+00
2.600000000000000000e+01 6.000000000000000000e+00 4.782299352414679738e+00
2.600000000000000000e+01 7.000000000000000000e+00 4.616809428340256538e+00
2.600000000000000000e+01 8.000000000000000000e+00 4.451319504265833338e+00
2.600000000000000000e+01 9.000000000000000000e+00 4.342791290796967019e+00
2.600000000000000000e+01 1.000000000000000000e+01 4.349575808553984402e+00
2.600000000000000000e+01 1.100000000000000000e+01 4.356360326311001785e+00
2.600000000000000000e+01 1.200000000000000000e+01 4.363144844068019168e+00
2.600000000000000000e+01 1.300000000000000000e+01 4.369929361825037439e+00
2.600000000000000000e+01 1.400000000000000000e+01 4.376713879582054822e+00
2.600000000000000000e+01 1.500000000000000000e+01 4.383498397339072206e+00
2.600000000000000000e+01 1.600000000000000000e+01 4.390282915096090477e+00
2.600000000000000000e+01 1.700000000000000000e+01 4.397067432853107860e+00
2.600000000000000000e+01 1.800000000000000000e+01 4.403851950610125243e+00
2.600000000000000000e+01 1.900000000000000000e+01 4.410636468367142626e+00
2.600000000000000000e+01 2.000000000000000000e+01 4.417420986124160898e+00
2.600000000000000000e+01 2.100000000000000000e+01 4.424205503881178281e+00
2.600000000000000000e+01 2.200000000000000000e+01 4.430990021638195664e+00
2.600000000000000000e+01 2.300000000000000000e+01 4.437774539395213935e+00
2.600000000000000000e+01 2.400000000000000000e+01 4.444559057152231318e+00
2.600000000000000000e+01 2.500000000000000000e+01 4.451343574909248701e+00
2.600000000000000000e+01 2.600000000000000000e+01 4.454243911396373434e+00
2.600000000000000000e+01 2.700000000000000000e+01 4.456728085604580336e+00
2.600000000000000000e+01 2.800000000000000000e+01 4.459212259812788126e+00
2.600000000000000000e+01 2.900000000000000000e+01 4.461696434020996804e+00
2.600000000000000000e+01 3.000000000000000000e+01 4.464180608229203706e+00
2.600000000000000000e+01 3.100000000000000000e+01 4.466664782437411496e+00
2.600000000000000000e+01 3.200000000000000000e+01 4.469148956645619286e+00
2.700000000000000000e+01 1.000000000000000000e+00 6.095444568479903680e+00
2.700000000000000000e+01 2.000000000000000000e+00 5.763525394478229202e+00
2.700000000000000000e+01 3.000000000000000000e+00 5.327000170043019622e+00
2.700000000000000000e+01 4.000000000000000000e+00 5.076995107862684264e+00
2.700000000000000000e+01 5.000000000000000000e+00 4.911505183788261064e+00
2.700000000000000000e+01 6.000000000000000000e+00 4.746015259713837864e+00
2.700000000000000000e+01 7.000000000000000000e+00 4.580525335639413775e+00
2.700000000000000000e+01 8.000000000000000000e+00 4.415035411564990575e+00
2.700000000000000000e+01 9.000000000000000000e+00 4.349575808553984402e+00
2.700000000000000000e+01 1.000000000000000000e+01 4.356360326311002673e+00
2.700000000000000000e+01 1.100000000000000000e+01 4.363144844068019168e+00
2.700000000000000000e+01 1.200000000000000000e+01 4.369929361825037439e+00
2.700000000000000000e+01 1.300000000000000000e+01 4.376713879582054822e+00
2.700000000000000000e+01 1.400000000000000000e+01 4.383498397339073094e+00
2.700000000000000000e+01 1.500000000000000000e+01 4.390282915096090477e+00
2.700000000000000000e+01 1.600000000000000000e+01 4.397067432853107860e+00
2.700000000000000000e+01 1.700000000000000000e+01 4.403851950610125243e+00
2.700000000000000000e+01 1.800000000000000000e+01 4.410636468367142626e+00
2.700000000000000000e+01 1.900000000000000000e+01 4.417420986124160898e+00
2.700000000000000000e+01 2.000000000000000000e+01 4.424205503881179169e+00
2.700000000000000000e+01 2.100000000000000000e+01 4.430990021638195664e+00
2.700000000000000000e+01 2.200000000000000000e+01 4.437774539395213935e+00
2.700000000000000000e+01 2.300000000000000000e+01 4.444559057152231318e+00
2.700000000000000000e+01 2.400000000000000000e+01 4.451343574909248701e+00
2.700000000000000000e+01 2.500000000000000000e+01 4.454243911396373434e+00
2.700000000000000000e+01 2.600000000000000000e+01 4.456728085604581224e+00
2.700000000000000000e+01 2.700000000000000000e+01 4.459212259812788126e+00
2.700000000000000000e+01 2.800000000000000000e+01 4.461696434020996804e+00
2.700000000000000000e+01 2.900000000000000000e+01 4.464180608229204594e+00
2.700000000000000000e+01 3.000000000000000000e+01 4.466664782437410608e+00
2.700000000000000000e+01 3.100000000000000000e+01 4.469148956645618398e+00
2.700000000000000000e+01 3.200000000000000000e+01 4.471633130853826188e+00
2.800000000000000000e+01 1.000000000000000000e+00 6.092939512898223775e+00
2.800000000000000000e+01 2.000000000000000000e+00 5.761020338896549298e+00
2.800000000000000000e+01 3.000000000000000000e+00 5.290716077342177748e+00
2.800000000000000000e+01 4.000000000000000000e+00 5.040711015161841502e+00
2.800000000000000000e+01 5.000000000000000000e+00 4.875221091087418301e+00
2.800000000000000000e+01 6.000000000000000000e+00 4.709731167012995101e+00
2.800000000000000000e+01 7.000000000000000000e+00 4.544241242938571901e+00
2.800000000000000000e+01 8.000000000000000000e+00 4.378751318864147812e+00
2.800000000000000000e+01 9.000000000000000000e+00 4.356360326311001785e+00
2.800000000000000000e+01 1.000000000000000000e+01 4.363144844068020056e+00
2.800000000000000000e+01 1.100000000000000000e+01 4.369929361825037439e+00
2.800000000000000000e+01 1.200000000000000000e+01 4.376713879582054822e+00
2.800000000000000000e+01 1.300000000000000000e+01 4.383498397339073094e+00
2.800000000000000000e+01 1.400000000000000000e+01 4.390282915096090477e+00
2.800000000000000000e+01 1.500000000000000000e+01 4.397067432853107860e+00
2.800000000000000000e+01 1.600000000000000000e+01 4.403851950610125243e+00
2.800000000000000000e+01 1.700000000000000000e+01 4.410636468367142626e+00
2.800000000000000000e+01 1.800000000000000000e+01 4.417420986124160009e+00
2.800000000000000000e+01 1.900000000000000000e+01 4.424205503881178281e+00
2.800000000000000000e+01 2.000000000000000000e+01 4.430990021638195664e+00
2.800000000000000000e+01 2.100000000000000000e+01 4.437774539395213935e+00
2.800000000000000000e+01 2.200000000000000000e+01 4.444559057152231318e+00
2.800000000000000000e+01 2.300000000000000000e+01 4.451343574909248701e+00
2.800000000000000000e+01 2.400000000000000000e+01 4.454243911396373434e+00
2.800000000000000000e+01 2.500000000000000000e+01 4.456728085604580336e+00
2.800000000000000000e+01 2.600000000000000000e+01 4.459212259812788126e+00
2.800000000000000000e+01 2.700000000000000000e+01 4.461696434020996804e+00
2.800000000000000000e+01 2.800000000000000000e+01 4.464180608229203706e+00
2.800000000000000000e+01 2.900000000000000000e+01 4.466664782437411496e+00
2.800000000000000000e+01 3.000000000000000000e+01 4.469148956645619286e+00
2.800000000000000000e+01 3.100000000000000000e+01 4.471633130853826188e+00
2.800000000000000000e+01 3.200000000000000000e+01 4.474117305062033978e+00
2.900000000000000000e+01 1.000000000000000000e+00 6.090434457316543870e+00
2.900000000000000000e+01 2.000000000000000000e+00 5.758515283314869393e+00
2.900000000000000000e+01 3.000000000000000000e+00 5.254431984641334985e+00
2.900000000000000000e+01 4.000000000000000000e+00 5.004426922460998739e+00
2.900000000000000000e+01 5.000000000000000000e+00 4.838936998386575539e+00
2.900000000000000000e+01 6.000000000000000000e+00 4.673447074312152338e+00
2.900000000000000000e+01 7.000000000000000000e+00 4.507957150237729138e+00
2.900000000000000000e+01 8.000000000000000000e+00 4.356360326311001785e+00
2.900000000000000000e+01 9.000000000000000000e+00 4.363144844068019168e+00
2.900000000000000000e+01 1.000000000000000000e+01 4.369929361825037439e+00
2.900000000000000000e+01 1.100000000000000000e+01 4.376713879582055711e+00
2.900000000000000000e+01 1.200000000000000000e+01 4.383498397339073094e+00
2.900000000000000000e+01 1.300000000000000000e+01 4.390282915096090477e+00
2.900000000000000000e+01 1.400000000000000000e+01 4.397067432853107860e+00
2.900000000000000000e+01 1.500000000000000000e+01 4.403851950610125243e+00
2.900000000000000000e+01 1.600000000000000000e+01 4.410636468367142626e+00
2.900000000000000000e+01 1.700000000000000000e+01 4.417420986124160009e+00
2.900000000000000000e+01 1.800000000000000000e+01 4.424205503881178281e+00
2.900000000000000000e+01 1.900000000000000000e+01 4.430990021638195664e+00
2.900000000000000000e+01 2.000000000000000000e+01 4.437774539395213935e+00
2.900000000000000000e+01 2.100000000000000000e+01 4.444559057152231318e+00
2.900000000000000000e+01 2.200000000000000000e+01 4.451343574909248701e+00
2.900000000000000000e+01 2.300000000000000000e+01 4.454243911396373434e+00
2.900000000000000000e+01 2.400000000000000000e+01 4.456728085604581224e+00
2.900000000000000000e+01 2.500000000000000000e+01 4.459212259812788126e+00
2.900000000000000000e+01 2.600000000000000000e+01 4.461696434020995916e+00
2.900000000000000000e+01 2.700000000000000000e+01 4.464180608229203706e+00
2.900000000000000000e+01 2.800000000000000000e+01 4.466664782437411496e+00
2.900000000000000000e+01 2.900000000000000000e+01 4.469148956645619286e+00
2.900000000000000000e+01 3.000000000000000000e+01 4.471633130853826188e+00
2.900000000000000000e+01 3.100000000000000000e+01 4.474117305062033978e+00
2.900000000000000000e+01 3.200000000000000000e+01 4.476601479270241768e+00
3.000000000000000000e+01 1.000000000000000000e+00 6.087929401734863077e+00
3.000000000000000000e+01 2.000000000000000000e+00 5.756010227733188600e+00
3.000000000000000000e+01 3.000000000000000000e+00 5.218147891940492222e+00
3.000000000000000000e+01 4.000000000000000000e+00 4.968142829760155976e+00
3.000000000000000000e+01 5.000000000000000000e+00 4.802652905685732776e+00
3.000000000000000000e+01 6.000000000000000000e+00 4.637162981611309576e+00
3.000000000000000000e+01 7.000000000000000000e+00 4.471673057536886375e+00
3.000000000000000000e+01 8.000000000000000000e+00 4.363144844068019168e+00
3.000000000000000000e+01 9.000000000000000000e+00 4.369929361825037439e+00
3.000000000000000000e+01 1.000000000000000000e+01 4.376713879582054822e+00
3.000000000000000000e+01 1.100000000000000000e+01 4.383498397339073094e+00
3.000000000000000000e+01 1.200000000000000000e+01 4.390282915096090477e+00
3.000000000000000000e+01 1.300000000000000000e+01 4.397067432853107860e+00
3.000000000000000000e+01 1.400000000000000000e+01 4.403851950610125243e+00
3.000000000000000000e+01 1.500000000000000000e+01 4.410636468367142626e+00
3.000000000000000000e+01 1.600000000000000000e+01 4.417420986124160898e+00
3.000000000000000000e+01 1.700000000000000000e+01 4.424205503881178281e+00
3.000000000000000000e+01 1.800000000000000000e+01 4.430990021638195664e+00
3.000000000000000000e+01 1.900000000000000000e+01 4.437774539395213935e+00
3.000000000000000000e+01 2.000000000000000000e+01 4.444559057152231318e+00
3.000000000000000000e+01 2.100000000000000000e+01 4.451343574909248701e+00
3.000000000000000000e+01 2.200000000000000000e+01 4.454243911396373434e+00
3.000000000000000000e+01 2.300000000000000000e+01 4.456728085604581224e+00
3.000000000000000000e+01 2.400000000000000000e+01 4.459212259812789014e+00
3.000000000000000000e+01 2.500000000000000000e+01 4.461696434020995916e+00
3.000000000000000000e+01 2.600000000000000000e+01 4.464180608229203706e+00
3.000000000000000000e+01 2.700000000000000000e+01 4.466664782437411496e+00
3.000000000000000000e+01 2.800000000000000000e+01 4.469148956645618398e+00
3.000000000000000000e+01 2.900000000000000000e+01 4.471633130853826188e+00
3.000000000000000000e+01 3.000000000000000000e+01 4.474117305062033978e+00
3.000000000000000000e+01 3.100000000000000000e+01 4.476601479270241768e+00
3.000000000000000000e+01 3.200000000000000000e+01 4.479085653478449558e+00
3.100000000000000000e+01 1.000000000000000000e+00 6.085424346153182285e+00
3.100000000000000000e+01 2.000000000000000000e+00 5.753505172151507807e+00
3.100000000000000000e+01 3.000000000000000000e+00 5.181863799239650348e+00
3.100000000000000000e+01 4.000000000000000000e+00 4.931858737059314102e+00
3.100000000000000000e+01 5.000000000000000000e+00 4.766368812984890013e+00
3.100000000000000000e+01 6.000000000000000000e+00 4.600878888910466813e+00
3.100000000000000000e+01 7.000000000000000000e+00 4.435388964836043613e+00
3.100000000000000000e+01 8.000000000000000000e+00 4.369929361825037439e+00
3.100000000000000000e+01 9.000000000000000000e+00 4.376713879582055711e+00
3.100000000000000000e+01 1.000000000000000000e+01 4.383498397339073094e+00
3.100000000000000000e+01 1.100000000000000000e+01 4.390282915096090477e+00
3.100000000000000000e+01 1.200000000000000000e+01 4.397067432853107860e+00
3.100000000000000000e+01 1.300000000000000000e+01 4.403851950610125243e+00
3.100000000000000000e+01 1.400000000000000000e+01 4.410636468367143515e+00
3.100000000000000000e+01 1.500000000000000000e+01 4.417420986124160898e+00
3.100000000000000000e+01 1.600000000000000000e+01 4.424205503881178281e+00
3.100000000000000000e+01 1.700000000000000000e+01 4.430990021638196552e+00
3.100000000000000000e+01 1.800000000000000000e+01 4.437774539395213935e+00
3.100000000000000000e+01 1.900000000000000000e+01 4.444559057152231318e+00
3.100000000000000000e+01 2.000000000000000000e+01 4.451343574909248701e+00
3.100000000000000000e+01 2.100000000000000000e+01 4.454243911396373434e+00
3.100000000000000000e+01 2.200000000000000000e+01 4.456728085604581224e+00
3.100000000000000000e+01 2.300000000000000000e+01 4.459212259812788126e+00
3.100000000000000000e+01 2.400000000000000000e+01 4.461696434020996804e+00
3.100000000000000000e+01 2.500000000000000000e+01 4.464180608229203706e+00
3.100000000000000000e+01 2.600000000000000000e+01 4.466664782437411496e+00
3.100000000000000000e+01 2.700000000000000000e+01 4.469148956645619286e+00
3.100000000000000000e+01 2.800000000000000000e+01 4.471633130853826188e+00
3.100000000000000000e+01 2.900000000000000000e+01 4.474117305062033978e+00
3.100000000000000000e+01 3.000000000000000000e+01 4.476601479270241768e+00
3.100000000000000000e+01 3.100000000000000000e+01 4.479085653478449558e+00
3.100000000000000000e+01 3.200000000000000000e+01 4.481569827686656460e+00
3.200000000000000000e+01 1.000000000000000000e+00 6.082919290571501492e+00
3.200000000000000000e+01 2.000000000000000000e+00 5.747731177493779597e+00
3.200000000000000000e+01 3.000000000000000000e+00 5.145579706538807585e+00
3.200000000000000000e+01 4.000000000000000000e+00 4.895574644358470451e+00
3.200000000000000000e+01 5.000000000000000000e+00 4.730084720284047251e+00
3.200000000000000000e+01 6.000000000000000000e+00 4.564594796209624050e+00
3.200000000000000000e+01 7.000000000000000000e+00 4.399104872135200850e+00
3.200000000000000000e+01 8.000000000000000000e+00 4.376713879582055711e+00
3.200000000000000000e+01 9.000000000000000000e+00 4.383498397339073094e+00
3.200000000000000000e+01 1.000000000000000000e+01 4.390282915096090477e+00
3.200000000000000000e+01 1.100000000000000000e+01 4.397067432853107860e+00
3.200000000000000000e+01 1.200000000000000000e+01 4.403851950610126131e+00
3.200000000000000000e+01 1.300000000000000000e+01 4.410636468367143515e+00
3.200000000000000000e+01 1.400000000000000000e+01 4.417420986124160898e+00
3.200000000000000000e+01 1.500000000000000000e+01 4.424205503881178281e+00
3.200000000000000000e+01 1.600000000000000000e+01 4.430990021638196552e+00
3.200000000000000000e+01 1.700000000000000000e+01 4.437774539395213935e+00
3.200000000000000000e+01 1.800000000000000000e+01 4.444559057152231318e+00
3.200000000000000000e+01 1.900000000000000000e+01 4.451343574909248701e+00
3.200000000000000000e+01 2.000000000000000000e+01 4.454243911396373434e+00
3.200000000000000000e+01 2.100000000000000000e+01 4.456728085604581224e+00
3.200000000000000000e+01 2.200000000000000000e+01 4.459212259812789014e+00
3.200000000000000000e+01 2.300000000000000000e+01 4.461696434020995916e+00
3.200000000000000000e+01 2.400000000000000000e+01 4.464180608229203706e+00
3.200000000000000000e+01 2.500000000000000000e+01 4.466664782437411496e+00
3.200000000000000000e+01 2.600000000000000000e+01 4.469148956645618398e+00
3.200000000000000000e+01 2.700000000000000000e+01 4.471633130853826188e+00
3.200000000000000000e+01 2.800000000000000000e+01 4.474117305062033978e+00
3.200000000000000000e+01 2.900000000000000000e+01 4.476601479270241768e+00
3.200000000000000000e+01 3.000000000000000000e+01 4.479085653478449558e+00
3.200000000000000000e+01 3.100000000000000000e+01 4.481569827686656460e+00
3.200000000000000000e+01 3.200000000000000000e+01 4.484054001894864250e+00
